0.23333,0.00000,0.00000,0.00000,0.00000,0,17.92481,4,1,0,0,0,1.00000,0.00000,0,0.00000,5.00000,0.00000,0.00000,0.00000,0.90000
0.23333,0.00000,0.00000,0.00000,0.00000,0,17.92481,4,1,0,0,0,1.00000,0.00000,0,0.00000,5.00000,0.00000,0.00000,0.00000,0.90000
0.23333,0.00000,0.00000,0.00000,0.00000,0,17.92481,4,1,0,0,0,1.00000,0.00000,0,0.00000,5.00000,0.00000,0.00000,0.00000,0.90000
0.23333,0.00000,0.00000,0.00000,0.00000,0,17.92481,4,1,0,0,0,1.00000,0.00000,0,0.00000,5.00000,0.00000,0.00000,0.00000,0.90000
0.23333,0.00000,0.00000,0.00000,0.00000,0,17.92481,4,1,0,0,0,1.00000,0.00000,0,0.00000,5.00000,0.00000,0.00000,0.00000,0.90000
0.23333,0.00000,0.00000,0.00000,0.00000,0,17.92481,4,1,0,0,0,1.00000,0.00000,0,0.00000,5.00000,0.00000,0.00000,0.00000,0.90000
0.23333,0.00000,0.00000,0.00000,0.00000,0,17.92481,4,1,0,0,0,1.00000,0.00000,0,0.00000,5.00000,0.00000,0.00000,0.00000,0.90000
0.23333,0.00000,0.00000,0.00000,0.00000,0,17.92481,4,1,0,0,0,1.00000,0.00000,0,0.00000,5.00000,0.00000,0.00000,0.00000,0.90000
0.23333,0.00000,0.00000,0.00000,0.00000,0,17.92481,4,1,0,0,0,1.00000,0.00000,0,0.00000,5.00000,0.00000,0.00000,0.00000,0.90000
0.23333,0.00000,0.00000,0.00000,0.00000,0,17.92481,4,2,0,0,0,1.00000,0.00000,0,0.00000,5.00000,0.00000,0.00000,0.00000,0.90000
0.23333,0.00000,0.00000,0.00000,0.00000,0,17.92481,4,2,0,0,0,1.00000,0.00000,0,0.00000,5.00000,0.00000,0.00000,0.00000,0.90000
0.23333,0.00000,0.00000,0.00000,0.00000,0,17.92481,4,2,0,0,0,1.00000,0.00000,0,0.00000,5.00000,0.00000,0.00000,0.00000,0.90000
0.23333,0.00000,0.00000,0.00000,0.00000,0,17.92481,4,2,0,0,0,1.00000,0.00000,0,0.00000,5.00000,0.00000,0.00000,0.00000,0.90000
0.23333,0.00000,0.00000,0.00000,0.00000,0,17.92481,4,2,0,0,0,1.00000,0.00000,0,0.00000,5.00000,0.00000,0.00000,0.00000,0.90000
0.23333,0.00000,0.00000,0.00000,0.00000,0,17.92481,4,2,0,0,0,1.00000,0.00000,0,0.00000,5.00000,0.00000,0.00000,0.00000,0.90000
0.23333,0.00000,0.00000,0.00000,0.00000,0,17.92481,4,2,0,0,0,1.00000,0.00000,0,0.00000,5.00000,0.00000,0.00000,0.00000,0.90000
0.23333,0.00000,0.00000,0.00000,0.00000,0,17.92481,4,2,0,0,0,1.00000,0.00000,0,0.00000,5.00000,0.00000,0.00000,0.00000,0.90000
0.23333,0.00000,0.00000,0.00000,0.00000,0,17.92481,4,2,0,0,0,1.00000,0.00000,0,0.00000,5.00000,0.00000,0.00000,0.00000,0.90000
0.23333,0.00000,0.00000,0.00000,0.00000,0,17.92481,4,3,0,0,0,1.00000,0.00000,0,0.00000,5.00000,0.00000,0.00000,0.00000,0.90000
0.23333,0.00000,0.00000,0.00000,0.00000,0,17.92481,4,3,0,0,0,1.00000,0.00000,0,0.00000,5.00000,0.00000,0.00000,0.00000,0.90000
0.23333,0.00000,0.00000,0.00000,0.00000,0,17.92481,4,3,0,0,0,1.00000,0.00000,0,0.00000,5.00000,0.00000,0.00000,0.00000,0.90000
0.23333,0.00000,0.00000,0.00000,0.00000,0,17.92481,4,3,0,0,0,1.00000,0.00000,0,0.00000,5.00000,0.00000,0.00000,0.00000,0.90000
0.23333,0.00000,0.00000,0.00000,0.00000,0,17.92481,4,3,0,0,0,1.00000,0.00000,0,0.00000,5.00000,0.00000,0.00000,0.00000,0.90000
0.23333,0.00000,0.00000,0.00000,0.00000,0,17.92481,4,3,0,0,0,1.00000,0.00000,0,0.00000,5.00000,0.00000,0.00000,0.00000,0.90000
0.23333,0.00000,0.00000,0.00000,0.00000,0,17.92481,4,3,0,0,0,1.00000,0.00000,0,0.00000,5.00000,0.00000,0.00000,0.00000,0.90000
0.23333,0.00000,0.00000,0.00000,0.00000,0,17.92481,4,3,0,0,0,1.00000,0.00000,0,0.00000,5.00000,0.00000,0.00000,0.00000,0.90000
0.23333,0.00000,0.00000,0.00000,0.00000,0,17.92481,4,3,0,0,0,1.00000,0.00000,0,0.00000,5.00000,0.00000,0.00000,0.00000,0.90000
0.23333,0.00000,0.00000,0.00000,0.00000,0,17.92481,4,4,0,0,0,1.00000,0.00000,0,0.00000,5.00000,0.00000,0.00000,0.00000,0.90000
0.23333,0.00000,0.00000,0.00000,0.00000,0,17.92481,4,4,0,0,0,1.00000,0.00000,0,0.00000,5.00000,0.00000,0.00000,0.00000,0.90000
0.23333,0.00000,0.00000,0.00000,0.00000,0,17.92481,4,4,0,0,0,1.00000,0.00000,0,0.00000,5.00000,0.00000,0.00000,0.00000,0.90000
0.23333,0.00000,0.00000,0.00000,0.00000,0,17.92481,4,4,0,0,0,1.00000,0.00000,0,0.00000,5.00000,0.00000,0.00000,0.00000,0.90000
0.23333,0.00000,0.00000,0.00000,0.00000,0,17.92481,4,4,0,0,0,1.00000,0.00000,0,0.00000,5.00000,0.00000,0.00000,0.00000,0.90000
0.23333,0.00000,0.00000,0.00000,0.00000,0,17.92481,4,4,0,0,0,1.00000,0.00000,0,0.00000,5.00000,0.00000,0.00000,0.00000,0.90000
0.23333,0.00000,0.00000,0.00000,0.00000,0,17.92481,4,4,0,0,0,1.00000,0.00000,0,0.00000,5.00000,0.00000,0.00000,0.00000,0.90000
0.23333,0.00000,0.00000,0.00000,0.00000,0,17.92481,4,4,0,0,0,1.00000,0.00000,0,0.00000,5.00000,0.00000,0.00000,0.00000,0.90000
0.23333,0.00000,0.00000,0.00000,0.00000,0,17.92481,4,4,0,0,0,1.00000,0.00000,0,0.00000,5.00000,0.00000,0.00000,0.00000,0.90000
0.23333,17.66632,0.00000,0.00000,0.00000,0,15.33985,4,2,0,0,0,1.00000,0.00000,0,1.00000,4.00000,0.00000,0.00000,0.00000,0.82772
0.24054,17.45482,0.00000,0.00000,0.00000,0,15.33985,4,3,0,0,0,1.00000,0.00000,0,1.00000,4.00000,0.00000,0.00000,0.00000,0.82772
0.24644,17.27857,0.00000,0.00000,0.00000,0,15.33985,4,2,0,0,0,1.00000,0.00000,0,1.00000,4.00000,0.00000,0.00000,0.00000,0.82772
0.25136,17.12944,0.00000,0.00000,0.00000,0,15.33985,4,2,0,0,0,1.00000,0.00000,0,1.00000,4.00000,0.00000,0.00000,0.00000,0.84439
0.25808,17.00161,0.00000,0.00000,0.00000,0,15.33985,4,1,0,0,0,1.00000,0.00000,0,1.00000,4.00000,0.00000,0.00000,0.00000,0.80772
0.25861,16.89083,0.00000,0.00000,0.00000,0,15.33985,4,2,0,0,0,1.00000,0.00000,0,1.00000,4.00000,0.00000,0.00000,0.00000,0.82772
0.26173,16.79389,0.00000,0.00000,0.00000,0,15.33985,4,4,0,0,0,1.00000,0.00000,0,1.00000,4.00000,0.00000,0.00000,0.00000,0.82772
0.26446,16.70836,0.00000,0.00000,0.00000,0,15.33985,4,4,0,0,0,1.00000,0.00000,0,1.00000,4.00000,0.00000,0.00000,0.00000,0.82772
0.26687,16.63233,0.00000,0.00000,0.00000,0,15.33985,4,3,0,0,0,1.00000,0.00000,0,1.00000,4.00000,0.00000,0.00000,0.00000,0.82772
0.26902,16.56431,0.00000,0.00000,0.00000,0,15.33985,4,3,0,0,0,1.00000,0.00000,0,1.00000,4.00000,0.00000,0.00000,0.00000,0.84439
0.27269,16.50308,0.00000,0.00000,0.00000,0,15.33985,4,4,0,0,0,1.00000,0.00000,0,1.00000,4.00000,0.00000,0.00000,0.00000,0.82772
0.27432,16.44769,0.00000,0.00000,0.00000,0,15.33985,4,2,0,0,0,1.00000,0.00000,0,1.00000,4.00000,0.00000,0.00000,0.00000,0.82772
0.27581,16.39733,0.00000,0.00000,0.00000,0,15.33985,4,2,0,0,0,1.00000,0.00000,0,1.00000,4.00000,0.00000,0.00000,0.00000,0.82772
0.27715,16.35136,0.00000,0.00000,0.00000,0,15.33985,4,3,0,0,0,1.00000,0.00000,0,1.00000,4.00000,0.00000,0.00000,0.00000,0.82772
0.27838,16.30921,0.00000,0.00000,0.00000,0,15.33985,4,1,0,0,0,1.00000,0.00000,0,1.00000,4.00000,0.00000,0.00000,0.00000,0.80772
0.27784,16.27044,0.00000,0.00000,0.00000,0,15.33985,4,4,0,0,0,1.00000,0.00000,0,1.00000,4.00000,0.00000,0.00000,0.00000,0.80772
0.27735,16.23464,0.00000,0.00000,0.00000,0,15.33985,4,2,0,0,0,1.00000,0.00000,0,1.00000,4.00000,0.00000,0.00000,0.00000,0.82772
0.27843,16.20150,0.00000,0.00000,0.00000,0,15.33985,4,1,0,0,0,1.00000,0.00000,0,1.00000,4.00000,0.00000,0.00000,0.00000,0.84439
0.28066,16.17073,0.00000,0.00000,0.00000,0,15.33985,4,3,0,0,0,1.00000,0.00000,0,1.00000,4.00000,0.00000,0.00000,0.00000,0.84439
0.28274,16.14208,0.00000,0.00000,0.00000,0,15.33985,4,4,0,0,0,1.00000,0.00000,0,1.00000,4.00000,0.00000,0.00000,0.00000,0.82772
0.28352,16.06817,0.00000,0.00000,0.00000,0,13.92481,4,4,0,0,0,2.00000,0.00000,1,2.00000,3.00000,0.00000,0.00000,0.00000,0.78987
0.28535,15.99903,0.00000,0.00000,0.00000,0,13.92481,4,4,0,0,0,1.00000,0.00000,1,2.00000,3.00000,0.00000,0.00000,0.00000,0.80985
0.28834,15.93421,0.00000,0.00000,0.00000,0,13.92481,4,4,0,0,0,1.00000,0.00000,1,2.00000,3.00000,0.00000,0.00000,0.00000,0.77316
0.28886,15.93421,0.00000,0.00000,0.00000,0,15.33985,4,3,0,0,0,1.00000,0.00000,0,1.00000,4.00000,0.00000,0.00000,0.00000,0.79018
0.28886,15.93421,0.00000,0.00000,0.00000,0,15.33985,4,3,0,0,0,1.00000,0.00000,1,1.00000,4.00000,0.00000,0.00000,0.00000,0.77352
0.28886,15.87332,0.00000,0.00000,0.00000,0,13.92481,4,4,0,0,0,1.00000,0.00000,1,2.00000,3.00000,0.00000,0.00000,0.00000,0.80988
0.29157,15.81601,0.00000,0.00000,0.00000,0,13.92481,4,3,0,0,0,2.00000,0.00000,1,2.00000,3.00000,0.00000,0.00000,0.00000,0.80978
0.29412,15.81601,0.00000,0.00000,0.00000,0,15.33985,4,3,0,0,0,2.00000,0.00000,1,1.00000,4.00000,0.00000,0.00000,0.00000,0.78997
0.29412,15.76198,0.00000,0.00000,0.00000,0,13.92481,4,1,0,0,0,2.00000,0.00000,1,2.00000,3.00000,0.00000,0.00000,0.00000,0.84294
0.29843,15.71094,0.00000,0.00000,0.00000,0,13.92481,4,2,0,0,0,1.00000,1.00000,1,2.00000,3.00000,0.00000,0.00000,0.00000,0.76946
0.29842,15.66267,0.00000,0.00000,0.00000,0,13.92481,4,1,0,0,0,1.00000,0.00000,1,2.00000,3.00000,0.00000,0.00000,0.00000,0.78958
0.29950,15.66267,0.00000,0.00000,0.00000,0,15.33985,4,1,0,0,0,2.00000,0.00000,1,1.00000,4.00000,0.00000,0.00000,0.00000,0.78986
0.29950,15.61694,0.00000,0.00000,0.00000,0,13.92481,4,1,0,0,0,1.00000,0.00000,1,2.00000,3.00000,0.00000,0.00000,0.00000,0.80624
0.30139,15.57355,0.00000,0.00000,0.00000,0,13.92481,4,1,0,0,0,1.00000,0.00000,1,2.00000,3.00000,0.00000,0.00000,0.00000,0.80950
0.30336,15.53233,0.00000,0.00000,0.00000,0,13.92481,4,1,0,0,0,2.00000,0.00000,1,2.00000,3.00000,0.00000,0.00000,0.00000,0.78946
0.30424,15.53233,0.00000,0.00000,0.00000,0,13.92481,4,1,0,0,0,1.00000,0.00000,1,2.00000,3.00000,0.00000,0.00000,0.00000,0.84281
0.30424,15.53233,0.00000,0.00000,0.00000,0,15.33985,4,2,0,0,0,1.00000,0.00000,1,1.00000,4.00000,0.00000,0.00000,0.00000,0.77308
0.30424,15.53233,0.00000,0.00000,0.00000,0,15.33985,4,2,0,0,0,1.00000,0.00000,1,1.00000,4.00000,0.00000,0.00000,0.00000,0.77308
0.30424,15.52764,0.00000,0.00000,0.00000,0,15.33985,4,1,0,0,0,1.00000,0.00000,0,1.00000,4.00000,0.00000,0.00000,0.00000,0.77308
0.30427,15.48947,0.00000,0.00000,0.00000,0,13.92481,4,1,0,0,0,1.00000,0.00000,1,2.00000,3.00000,0.00000,0.00000,0.00000,0.78950
0.30507,15.48599,0.00000,0.00000,0.00000,0,15.33985,4,1,0,0,0,1.00000,0.00000,0,1.00000,4.00000,0.00000,0.00000,0.00000,0.74629
0.30415,15.48599,0.00000,0.00000,0.00000,0,15.33985,4,1,0,0,0,1.00000,0.00000,0,1.00000,4.00000,0.00000,0.00000,0.00000,0.78316
0.30415,15.48267,0.00000,0.00000,0.00000,0,15.33985,4,1,0,0,0,1.00000,0.00000,0,1.00000,4.00000,0.00000,0.00000,0.00000,0.76648
0.30418,15.47950,0.00000,0.00000,0.00000,0,15.33985,4,1,0,0,0,1.00000,0.00000,0,1.00000,4.00000,0.00000,0.00000,0.00000,0.76646
0.30421,15.47646,0.00000,0.00000,0.00000,0,15.33985,4,1,0,0,0,1.00000,0.00000,0,1.00000,4.00000,0.00000,0.00000,0.00000,0.74533
0.30337,15.47356,0.00000,0.00000,0.00000,0,15.33985,4,2,0,0,0,1.00000,0.00000,0,1.00000,4.00000,0.00000,0.00000,0.00000,0.76310
0.30341,15.47077,0.00000,0.00000,0.00000,0,15.33985,4,4,0,0,0,1.00000,0.00000,0,1.00000,4.00000,0.00000,0.00000,0.00000,0.74317
0.30262,15.46810,0.00000,0.00000,0.00000,0,15.33985,4,3,0,0,0,1.00000,0.00000,0,1.00000,4.00000,0.00000,0.00000,0.00000,0.76333
0.30268,15.46553,0.00000,0.00000,0.00000,0,15.33985,4,3,0,0,0,1.00000,0.00000,0,1.00000,4.00000,0.00000,0.00000,0.00000,0.76329
0.30273,15.46553,0.00000,0.00000,0.00000,0,15.33985,4,2,0,0,0,1.00000,0.00000,0,1.00000,4.00000,0.00000,0.00000,0.00000,0.77994
0.30273,15.46307,0.00000,0.00000,0.00000,0,15.33985,4,4,0,0,0,1.00000,0.00000,0,1.00000,4.00000,0.00000,0.00000,0.00000,0.76326
0.30279,15.46070,0.00000,0.00000,0.00000,0,15.33985,4,4,0,0,0,1.00000,0.00000,0,1.00000,4.00000,0.00000,0.00000,0.00000,0.76323
0.30284,15.45842,0.00000,0.00000,0.00000,0,15.33985,4,4,0,0,0,1.00000,0.00000,0,1.00000,4.00000,0.00000,0.00000,0.00000,0.76321
0.30289,15.45842,0.00000,0.00000,0.00000,0,15.33985,4,3,0,0,0,1.00000,0.00000,0,1.00000,4.00000,0.00000,0.00000,0.00000,0.77601
0.30289,15.45842,0.00000,0.00000,0.00000,0,13.92481,4,1,0,0,0,4.00000,0.00000,2,2.00000,3.00000,0.00000,0.00000,0.00000,0.82138
0.30289,15.45842,0.00000,0.00000,0.00000,0,13.92481,4,1,0,0,0,2.00000,1.00000,2,2.00000,3.00000,0.00000,0.00000,0.00000,0.76805
0.30289,15.45842,0.00000,0.00000,0.00000,0,13.92481,4,1,0,0,0,2.00000,0.00000,2,2.00000,3.00000,0.00000,0.00000,0.00000,0.78805
0.30289,15.45842,0.00000,0.00000,0.00000,0,13.92481,4,1,0,0,0,2.00000,0.00000,2,2.00000,3.00000,0.00000,0.00000,0.00000,0.78805
0.30289,15.45842,0.00000,0.00000,0.00000,0,13.92481,4,1,0,0,0,3.00000,1.00000,2,2.00000,3.00000,0.00000,0.00000,0.00000,0.78471
0.30289,15.41604,0.00000,0.00000,0.00000,0,13.16993,4,1,0,0,0,2.00000,0.00000,2,3.00000,2.00000,0.00000,0.00000,0.00000,0.84478
0.30640,15.37520,0.00000,0.00000,0.00000,0,13.16993,4,3,0,0,0,4.00000,0.00000,2,3.00000,2.00000,0.00000,0.00000,0.00000,0.83289
0.30906,15.37520,0.00000,0.00000,0.00000,0,13.92481,4,2,0,0,0,4.00000,0.00000,2,2.00000,3.00000,0.00000,0.00000,0.00000,0.82767
0.30906,15.33582,0.00000,0.00000,0.00000,0,13.16993,4,3,0,0,0,2.00000,0.00000,2,3.00000,2.00000,0.00000,0.00000,0.00000,0.83645
0.31186,15.29782,0.00000,0.00000,0.00000,0,13.16993,4,3,0,0,0,2.00000,0.00000,2,3.00000,2.00000,0.00000,0.00000,0.00000,0.79560
0.31316,15.29782,0.00000,0.00000,0.00000,0,13.16993,4,2,0,0,0,2.00000,0.00000,2,3.00000,2.00000,0.00000,0.00000,0.00000,0.82860
0.31316,15.29782,0.00000,0.00000,0.00000,0,13.92481,4,2,0,0,0,2.00000,0.00000,2,2.00000,3.00000,0.00000,0.00000,0.00000,0.79140
0.31316,15.29782,0.00000,0.00000,0.00000,0,13.16993,4,2,0,0,0,2.00000,0.00000,2,3.00000,2.00000,0.00000,0.00000,0.00000,0.84860
0.31316,15.26114,0.00000,0.00000,0.00000,0,13.16993,4,3,0,0,0,2.00000,0.00000,2,3.00000,2.00000,0.00000,0.00000,0.00000,0.74199
0.31258,15.26114,0.00000,0.00000,0.00000,0,13.92481,4,2,0,0,0,2.00000,0.00000,2,2.00000,3.00000,0.00000,0.00000,0.00000,0.79157
0.31258,15.26114,0.00000,0.00000,0.00000,0,13.92481,4,3,0,0,0,2.00000,0.00000,2,2.00000,3.00000,0.00000,0.00000,0.00000,0.79084
0.31258,15.26114,0.00000,0.00000,0.00000,0,13.16993,4,1,0,0,0,2.00000,0.00000,2,3.00000,2.00000,0.00000,0.00000,0.00000,0.84562
0.31258,15.26114,0.00000,0.00000,0.00000,0,13.16993,4,4,0,0,0,4.00000,0.00000,2,3.00000,2.00000,0.00000,0.00000,0.00000,0.84302
0.31258,15.26114,0.00000,0.00000,0.00000,0,13.92481,4,4,0,0,0,2.00000,0.00000,2,2.00000,3.00000,0.00000,0.00000,0.00000,0.78442
0.31258,15.26114,0.00000,0.00000,0.00000,0,13.92481,4,4,0,0,0,2.00000,0.00000,2,2.00000,3.00000,0.00000,0.00000,0.00000,0.78442
0.31258,15.26114,0.00000,0.00000,0.00000,0,13.92481,4,4,0,0,0,2.00000,0.00000,2,2.00000,3.00000,0.00000,0.00000,0.00000,0.78442
0.31258,15.22569,0.00000,0.00000,0.00000,0,13.16993,4,4,0,0,0,2.00000,0.00000,2,3.00000,2.00000,0.00000,0.00000,0.00000,0.79140
0.31393,15.22569,0.00000,0.00000,0.00000,0,13.16993,4,2,0,0,0,6.00000,1.00000,3,3.00000,2.00000,0.00000,0.00000,0.00000,0.84097
0.31393,15.18647,0.00000,0.00000,0.00000,0,12.87267,4,3,0,0,0,6.00000,1.00000,3,4.00000,1.00000,0.00000,0.00000,0.00000,0.81413
0.31605,15.18647,0.00000,0.00000,0.00000,0,13.16993,4,1,0,0,0,6.00000,1.00000,3,3.00000,2.00000,0.00000,0.00000,0.00000,0.83635
0.31605,15.18647,0.00000,0.00000,0.00000,0,13.16993,4,4,0,0,0,6.00000,1.00000,3,3.00000,2.00000,0.00000,0.00000,0.00000,0.82997
0.31605,15.18647,0.00000,0.00000,0.00000,0,12.87267,4,1,0,0,0,4.00000,0.00000,3,4.00000,1.00000,0.00000,0.00000,0.00000,0.84620
0.31605,15.18647,0.00000,0.00000,0.00000,0,13.16993,4,3,0,0,0,4.00000,0.00000,3,3.00000,2.00000,0.00000,0.00000,0.00000,0.85590
0.31605,15.18647,0.00000,0.00000,0.00000,0,13.16993,4,2,0,0,0,4.00000,0.00000,3,3.00000,2.00000,0.00000,0.00000,0.00000,0.85590
0.31605,15.18647,0.00000,0.00000,0.00000,0,13.16993,4,4,0,0,0,4.00000,0.00000,3,3.00000,2.00000,0.00000,0.00000,0.00000,0.84855
0.31605,15.18647,0.00000,0.00000,0.00000,0,13.16993,4,1,0,0,0,6.00000,2.00000,3,3.00000,2.00000,0.00000,0.00000,0.00000,0.82576
0.31605,15.18647,0.00000,0.00000,0.00000,0,13.16993,4,2,0,0,0,6.00000,2.00000,3,3.00000,2.00000,0.00000,0.00000,0.00000,0.82293
0.31605,15.18647,0.00000,0.00000,0.00000,0,12.87267,4,4,0,0,0,6.00000,2.00000,3,4.00000,1.00000,0.00000,0.00000,0.00000,0.81708
0.31605,15.18647,0.00000,0.00000,0.00000,0,13.16993,4,3,0,0,0,6.00000,2.00000,3,3.00000,2.00000,0.00000,0.00000,0.00000,0.82285
0.31605,15.18647,0.00000,0.00000,0.00000,0,13.16993,4,1,0,0,0,3.00000,1.00000,3,3.00000,2.00000,0.00000,0.00000,0.00000,0.79126
0.31605,15.18647,0.00000,0.00000,0.00000,0,13.16993,4,4,0,0,0,3.00000,1.00000,3,3.00000,2.00000,0.00000,0.00000,0.00000,0.78844
0.31605,15.18647,0.00000,0.00000,0.00000,0,13.16993,4,3,0,0,0,3.00000,1.00000,3,3.00000,2.00000,0.00000,0.00000,0.00000,0.78844
0.31605,15.18647,0.00000,0.00000,0.00000,0,12.87267,4,2,0,0,0,3.00000,1.00000,3,4.00000,1.00000,0.00000,0.00000,0.00000,0.80961
0.31605,15.18647,0.00000,0.00000,0.00000,0,13.16993,4,1,0,0,0,4.00000,2.00000,3,3.00000,2.00000,0.00000,0.00000,0.00000,0.77557
0.31605,15.18647,0.00000,0.00000,0.00000,0,13.16993,4,3,0,0,0,3.00000,1.00000,2,3.00000,2.00000,0.00000,0.00000,0.00000,0.77768
0.31605,15.18647,0.00000,0.00000,0.00000,0,13.92481,4,4,0,0,0,3.00000,1.00000,2,2.00000,3.00000,0.00000,0.00000,0.00000,0.76715
0.31605,15.18647,0.00000,0.00000,0.00000,0,13.16993,4,2,0,0,0,3.00000,1.00000,2,3.00000,2.00000,0.00000,0.00000,0.00000,0.82740
0.31605,15.16579,0.00000,0.00000,0.00000,0,13.92481,4,1,0,0,0,2.00000,0.00000,1,2.00000,3.00000,0.00000,0.00000,0.00000,0.74889
0.31641,15.16579,0.00000,0.00000,0.00000,0,13.16993,4,4,0,0,0,4.00000,2.00000,3,3.00000,2.00000,0.00000,0.00000,0.00000,0.77125
0.31641,15.16579,0.00000,0.00000,0.00000,0,12.87267,4,2,0,0,0,4.00000,2.00000,3,4.00000,1.00000,0.00000,0.00000,0.00000,0.79873
0.31641,15.16579,0.00000,0.00000,0.00000,0,13.16993,4,3,0,0,0,4.00000,2.00000,3,3.00000,2.00000,0.00000,0.00000,0.00000,0.77052
